100
169 7220 75
2521 369 75
3498 6739 42
1197 8724 86
2517 8088 43
1928 4813 4
7259 872 94
1131 7427 42
5386 1335 80
519 2166 59
7878 4460 31
2830 1210 33
5312 2772 27
9085 6896 59
6610 410 67
674 702 65
6486 3222 83
8237 1998 81
2508 4943 60
3424 5537 99
3452 7172 18
8839 6371 5
5364 4846 86
6047 4316 80
3978 9003 42
9400 6723 78
6824 5563 89
3454 8825 5
4898 7142 78
6781 9869 83
6917 803 61
9047 3574 100
5069 8929 25
2091 2959 65
644 1455 47
4021 5117 84
8912 8361 67
9648 2726 100
117 8509 86
9681 7129 56
6259 6319 70
8191 5203 60
8248 2859 83
976 3142 92
2402 8562 67
4491 4830 97
2709 873 11
4972 5245 70
1633 3875 12
1050 1923 60
2017 800 36
3823 443 94
1953 83 46
1681 5061 85
4794 1385 97
8505 703 64
8405 8258 65
9921 2605 1
4635 7742 96
8311 6719 87
4792 279 98
6687 4744 88
8437 7806 86
7313 2391 59
2714 2197 36
5898 2088 43
1835 630 86
7647 2286 80
7335 324 67
5467 2872 38
149 7402 86
7809 4128 72
6429 7778 9
2033 3884 66
8605 5135 14
7185 2320 77
8393 8725 25
608 4707 97
5170 4208 68
8163 5900 78
5284 4666 3
7273 4719 41
3561 8638 22
428 5100 10
9589 3629 55
6818 9326 17
6708 4972 54
6561 9341 59
4061 8029 7
3090 6974 56
8491 6214 6
4766 1472 7
6675 1830 72
7059 9734 55
3230 4751 19
6246 935 48
259 4746 90
2738 3981 62
8433 1590 34
2567 1341 6
