291
170
13524
1428
11151
580328
780
4779
1156
333
36720
3182
20291
18018
693
121
3081
2550
3486
1960
76608
2254200
3591
4104
20425
10527
4851
1219615
5796
9758
1596
3276
72674
1518
434
2928
16750
2716
198
22144
8190
11919
3500
385
4608
2350
19760
5400
44251
594
1311
205
86
1200
750
1463
16640
25844205
3969
7488
147
4104
9009
5084
4712
6762
176
2784
550
10944
174
6322
618475
1829
225705
2914
117264
343
4774
7980
2741672
20648
63666
21930
11550
220698
11625
17808
666407
7000
1466976
143691
2418
22833
42670
2620
159
2925
11703
95872
